 -22 18 -12 -26 2 16 -6 -30 24 8 -28 10 -4 -20 -14
 26 18 -12 -16 2 -22 -6 -30 24 -10 -28 4 8 -20 -14
 8 22 -12 28 2 -26 -18 30 24 -6 -10 16 4 -20 14
 8 -28 -12 18 2 -26 22 30 24 10 -4 16 -6 -20 14
 14 18 12 -30 -16 20 26 -8 -24 4 -28 -10 2 -6 -22
 -10 18 12 -30 -16 24 -20 -8 26 4 -28 6 2 -14 -22
 8 16 -28 -24 2 -26 -4 22 10 -6 14 30 -18 -12 20
 8 24 -28 20 2 -26 6 22 -4 -10 14 30 -18 -12 -16
 16 10 24 -14 30 4 -28 -20 2 26 -8 -12 18 6 -22
 -16 -10 30 14 -20 -4 28 -24 -2 -26 -12 6 -18 8 22
 14 26 -20 30 16 -28 -4 8 24 -12 -6 -10 2 18 -22
 -18 -26 -14 22 16 -4 -20 28 -24 -12 30 8 -2 10 6
 -8 12 28 -20 -24 -18 6 22 -26 -2 14 30 -10 4 16
 24 20 -28 22 30 -18 -6 2 -10 -26 14 8 -16 -4 -12
 -8 24 12 -18 -22 4 28 -10 -2 26 30 -16 6 20 14
 8 22 -12 24 -18 -4 -28 -6 2 -26 -10 16 30 -20 -14
 -24 -10 18 -14 -2 20 28 -22 30 26 -8 -16 -4 12 6
 24 10 -14 -20 2 18 -28 22 4 -26 30 16 -8 -12 -6
 24 18 -26 -14 -22 4 30 -8 2 10 -28 -16 12 -20 -6
 -24 -18 -22 14 30 -4 26 8 -2 12 28 -10 -16 20 6
 24 -14 -28 22 16 -6 -20 26 10 -4 30 8 2 18 -12
 -24 -18 30 22 -16 -20 6 -26 -10 -4 28 -14 -2 8 12
 8 -16 -12 24 2 20 -28 -22 10 26 -4 30 18 -6 -14
 -8 -20 12 -16 -2 24 28 22 -10 -26 30 6 -18 -4 14
 -8 -12 28 -18 -2 -26 20 -6 -24 30 4 -16 -10 22 14
 8 22 -28 -12 2 26 -20 -4 24 -6 30 16 10 18 -14
 -12 -26 20 -16 -24 -18 -4 28 -10 30 14 -8 -2 22 6
 12 26 20 -14 30 18 -24 -28 10 4 -16 -8 2 6 -22
 8 -26 -12 16 22 -4 -20 30 -24 -6 28 -2 -18 10 14
 8 -26 -12 20 -16 -4 22 30 -24 2 28 -10 -18 -6 14
 24 -18 -12 2 16 -22 -6 30 -26 -4 -28 -14 8 -20 10
 24 -18 -12 -26 16 -2 -6 30 22 -4 -28 10 14 -20 -8
 16 -26 -12 24 30 -4 -20 8 2 6 -28 -14 18 -10 -22
 -16 -24 12 30 -26 4 20 -8 -2 10 28 6 -18 -14 22
 18 22 -28 -16 2 -26 -20 -4 24 -10 -14 8 30 -12 -6
 -18 12 28 22 30 -26 20 4 -10 -24 14 8 -2 -16 6
 -22 10 28 -24 2 18 -6 -30 8 26 4 -16 -12 20 -14
 24 10 -22 -28 2 18 -6 -30 -4 26 12 -16 8 20 -14
 22 10 -16 -20 2 26 -8 -30 24 28 -14 4 18 12 -6
 -20 10 -22 16 2 26 4 -30 24 8 -14 -28 18 12 -6
 -16 12 20 14 30 -24 6 -26 -10 4 28 -18 -2 8 22
 16 8 -20 -14 26 30 -6 -24 10 -4 -28 -12 2 -18 -22
 24 8 -28 -22 16 30 -20 2 -26 -12 -6 -14 10 -4 -18
 -8 24 28 -22 -14 26 20 -2 -6 12 30 -16 10 4 18
 -24 -10 20 -14 -26 18 -22 -8 30 4 28 -16 -2 6 12
 24 10 -28 -22 30 18 26 -8 -4 12 -6 -14 2 20 -16
 -14 10 28 -16 -24 18 -26 -22 4 12 30 -8 -2 20 6
 18 24 -28 -14 2 26 30 -22 -8 12 -4 -16 10 -20 -6
 16 -28 -20 14 18 -4 24 8 2 -26 12 30 -6 -10 22
 16 24 -20 14 28 -4 -18 8 2 -26 -10 30 -12 6 22
 -24 20 -28 -14 2 26 -4 -22 -30 12 8 -16 10 18 -6
 10 16 -28 -14 24 -18 -30 22 -26 -12 4 8 2 -20 -6
 20 -26 -10 30 24 -18 -2 22 -4 28 14 8 16 -12 6
 20 -10 26 30 -24 -16 28 22 -4 -8 14 2 -18 12 6
 24 18 26 -22 16 30 -6 -20 10 4 -28 -12 2 -14 8
 24 12 -28 22 16 30 -20 6 10 -4 -26 8 2 -14 -18
 -22 26 12 -30 -24 -28 20 6 -10 2 14 -8 18 4 -16
 8 26 -14 -22 16 -24 -20 2 10 28 -6 -30 18 4 -12
 22 10 18 -30 -26 4 -28 -6 24 12 -8 16 2 -20 -14
 -18 10 26 -30 22 4 -28 8 24 -6 -12 16 2 -20 -14
 -6 18 12 -24 -28 4 22 -8 2 26 10 -30 16 20 -14
 10 18 12 28 -22 4 -24 -8 2 26 -16 -30 6 20 -14
 8 -26 -20 28 16 24 -6 -2 10 -4 -12 30 18 -14 22
 8 -26 -20 -24 16 2 -6 28 10 -4 14 30 -12 -18 22
 18 -10 14 30 -22 -26 -20 8 24 -28 -4 16 2 -12 6
 14 -26 -22 30 -24 -2 20 8 -4 12 28 -16 -10 18 6
 8 -20 -28 -16 24 18 -6 -22 30 -26 -14 2 10 -4 12
 24 -16 -28 22 -2 -18 30 6 -10 -26 14 8 12 -4 -20
 10 26 20 28 -24 18 2 -8 -22 12 6 -30 -14 4 -16
 -20 26 14 -30 24 18 2 -22 8 12 -6 -28 10 4 -16
 -6 26 20 -14 -28 18 -30 24 10 4 12 -8 2 16 -22
 22 26 -20 -12 24 18 -30 -4 10 28 -14 8 2 16 -6
 -26 -10 16 30 -24 20 28 22 8 -2 14 -4 -18 12 6
 -10 26 -16 -30 -24 18 -4 -22 28 2 -14 -8 20 12 -6
 10 -26 20 14 28 -18 4 8 -2 -24 6 30 -12 -16 22
 12 26 -20 -14 4 18 -24 -8 2 -28 -6 -30 -16 10 -22
 12 16 -28 -22 4 26 -20 -24 10 -30 -14 -8 2 -18 -6
 -22 16 -28 18 2 -26 -20 10 24 -30 -14 8 -4 -12 -6
 -24 -10 28 22 26 -18 -4 8 -30 -12 6 -16 -2 14 20
 -24 12 20 -14 22 18 -30 -8 -26 4 28 -16 -2 10 -6
 16 10 -28 -14 22 -18 -6 24 2 -26 4 30 -12 -20 -8
 -16 -10 28 14 -18 -24 6 22 -2 26 8 -30 4 20 -12
 14 -26 -12 22 -16 -28 20 -24 -10 2 6 30 -18 -4 8
 -18 26 12 -30 -24 2 20 28 -10 -6 14 -8 -16 4 22
 -10 -18 12 -20 -16 28 6 24 -2 -26 14 30 -8 4 22
 -8 18 -12 -24 16 -20 -6 28 2 26 -14 -30 4 10 -22
 16 -10 -14 30 -20 -4 -28 22 -8 -26 2 6 -18 -12 24
 -16 10 24 -30 -14 4 28 -22 -6 26 -8 2 18 12 20
 14 -26 16 30 -24 -18 8 22 -28 -12 6 -2 -10 -4 -20
 -14 26 20 -2 -24 18 22 -8 28 12 6 -30 16 4 -10
 24 -14 -28 -22 16 -2 -20 26 30 -12 -6 18 10 -4 -8
 8 -14 -28 22 -18 -26 -20 -6 30 -12 2 16 -10 -4 24
 22 -26 18 30 -24 4 20 -2 -8 12 28 -16 -10 -14 6
 14 10 -22 -30 -18 26 20 -8 -24 2 -28 -16 4 12 -6
 -10 -26 18 22 16 -4 -20 24 30 -12 -28 8 -2 -14 6
 18 -26 20 28 -16 -4 30 -8 -24 12 6 -14 -2 -10 22
