 26 14 -24 12 18 -22 4 -30 8 28 -10 -6 2 20 -16
 26 12 -24 14 18 -30 4 -22 8 28 -16 -6 2 20 -10
 26 12 -30 18 14 -24 4 -22 8 28 -16 -10 2 20 -6
 10 28 -18 -14 2 22 -8 20 26 -6 12 -30 16 4 -24
 10 28 -24 -14 2 20 -8 22 26 -30 12 -6 16 4 -18
 10 28 -24 -18 2 20 -30 26 22 -8 12 -6 16 4 -14
 -18 28 16 -26 14 20 -24 6 -2 10 30 -12 -8 4 22
 -8 28 14 -2 20 16 -26 6 -24 10 30 -18 -12 4 22
 -12 28 14 -26 16 20 -2 6 -24 10 30 -18 -8 4 22
 -26 12 30 -20 -16 4 24 -10 22 28 -8 14 -2 18 6
 -16 12 30 -26 -20 4 22 -2 28 24 -10 14 -8 18 6
 -20 12 30 -26 -16 4 22 -10 24 28 -2 14 -8 18 6
 12 -28 10 16 -26 2 -20 6 24 -14 30 18 -8 -4 22
 -10 28 -12 -16 20 -2 26 -6 -24 8 -30 -18 14 4 -22
 -10 20 -16 -12 28 -2 26 -6 -24 4 -30 -18 14 8 -22
 12 -22 10 16 -20 2 -28 6 26 -8 -4 30 18 -14 24
 -10 22 -12 -16 28 -2 20 -6 -26 14 4 -30 -18 8 -24
 -10 28 -16 -12 22 -2 20 -6 -26 14 8 -30 -18 4 -24
 8 -28 14 2 -22 -18 6 26 -12 24 30 -10 16 -4 20
 10 -22 -18 14 2 -28 8 26 -6 24 30 -4 16 -12 20
 8 -22 14 2 -28 -18 6 24 -12 26 30 -4 16 -10 20
 8 -18 14 2 -28 -22 6 24 -4 30 26 -12 16 -10 20
 10 -28 -18 14 2 -22 8 24 -6 26 30 -12 16 -4 20
 10 -28 -22 14 2 -18 8 24 -12 30 26 -6 16 -4 20
 12 -28 -24 20 -30 -18 2 26 -22 -10 6 -16 -4 14 -8
 -18 28 24 -12 30 16 -6 22 10 -2 -26 14 4 -20 8
 26 -10 -14 18 -30 24 -4 -22 6 -28 -16 12 2 -20 -8
 26 -8 -14 24 -30 18 -4 -22 12 -28 -16 6 2 -20 -10
 -20 10 14 -26 30 -18 4 24 -12 -2 28 16 -6 22 8
 -20 8 14 -18 30 -26 4 24 -6 -2 28 16 -12 22 10
 22 10 -20 16 4 -30 -24 8 26 -6 2 28 -14 18 -12
 -22 -10 24 -16 -4 30 20 -8 -26 14 -28 -2 6 -18 12
 22 12 -30 -24 16 4 -20 10 26 -14 2 28 -8 18 -6
 -22 -12 30 20 -16 -4 24 -10 -26 8 -28 -2 14 -18 6
 -22 -28 10 -26 -16 4 30 -20 -8 24 -14 -2 18 -6 12
 -22 -28 16 -26 -14 24 -20 -8 4 30 -12 -2 10 -6 18
 26 22 -18 28 16 -30 -24 20 8 -4 14 2 -12 6 -10
 26 22 -10 28 14 -4 20 8 -30 -24 12 2 -18 6 -16
 6 12 -22 28 -16 2 20 -10 26 14 -4 -30 18 8 -24
 8 12 -16 28 -22 2 20 -4 26 14 -10 -30 18 6 -24
 6 12 -16 28 -24 2 22 -4 -30 26 14 -10 20 8 -18
 8 12 -24 28 -16 2 22 -10 -30 26 14 -4 20 6 -18
 8 -24 -14 2 26 -18 -6 22 -12 -28 16 -4 -30 10 -20
 -14 24 12 -22 18 6 -2 -26 10 28 -8 4 30 -16 20
 8 -24 -14 2 22 -18 -6 26 -12 -28 10 -30 -4 16 -20
 -14 24 12 -26 18 6 -2 -22 10 28 -16 30 4 -8 20
 20 -24 -30 18 -28 -16 26 -22 -10 6 2 -14 -4 12 -8
 -14 24 30 -12 28 18 -6 -2 22 10 -26 16 4 -20 8
