 26 12 -22 20 -28 -24 4 -6 -30 8 -16 -14 2 -10 -18
 -26 -24 14 -20 28 -2 4 22 -30 -8 16 -6 -12 10 -18
 -14 -22 30 -20 -26 24 -2 -10 -8 28 -4 12 -16 18 6
 -14 24 -26 -20 28 -6 -4 22 -30 -8 16 2 -12 10 -18
 -20 -16 26 -28 -22 30 -8 -6 24 -2 -10 18 4 -14 12
 -14 22 -26 28 16 -24 -2 10 -30 -6 4 -12 -20 -18 8
 -8 16 24 -2 22 28 -26 4 12 10 -30 6 -14 18 -20
 14 -22 30 28 -16 24 2 -10 -26 6 -4 12 8 -18 20
 -6 14 -22 -16 18 -28 -24 2 -30 10 26 -4 -12 20 -8
 -18 8 -16 -24 2 20 -22 26 -4 10 -30 -28 -6 14 -12
 10 -20 18 -26 -22 2 -4 -28 6 -14 -12 30 -8 -16 24
 20 -24 26 14 -22 -30 8 -28 -4 2 -10 -18 -16 6 -12
 -22 24 12 -20 -28 6 -26 -2 30 -8 -16 -14 4 -10 18
 -10 -8 16 -24 -18 20 -30 -26 4 -2 12 28 -6 -14 22
 -18 16 -24 -20 30 -2 -26 4 -12 -10 28 -6 -14 22 8
 -14 -20 10 -18 -26 4 22 -24 28 -6 12 -2 -30 -8 16
 22 10 -18 -26 4 -24 -30 28 -6 -14 -12 2 -8 16 -20
 -22 -16 24 -2 -30 18 -26 -4 12 28 -8 6 -14 -10 20
 14 -22 -18 28 -30 -24 2 -10 -8 26 -4 -12 20 6 -16
 -22 12 -18 26 -30 2 20 -28 -6 14 -4 -10 8 -16 -24
 -20 18 -22 -26 30 -2 -28 24 4 -12 -10 16 -6 -14 8
 -22 24 -20 -26 18 -28 -2 30 10 -6 -14 -12 4 -8 16
 -12 -16 20 -18 30 -24 -2 22 -28 -26 4 14 -10 -6 8
 -24 20 28 26 -18 22 -30 6 -8 4 10 -2 12 16 -14
